                     資助安老院舍服務分區宿位名額總表
                           31.3.2024

                                   宿位名額
             長者宿舍   安老院                  護理安老院*                          護養院
                                      參與「改善買位計劃」 非政府
                       非政府               的私營安老院  機構營                                     總數
             非政府機 非政府機
                       機構營         合約            運的津                              合約
             構營運的 構營運的
                       運的津         院舍            助及自                              院舍
             津助院舍 津助院舍                  改善    改善
                       助院舍                       負盈虧
                                       甲一級   甲二級
                                                  院舍
香港島
東區            0      0     448      18        447             114    0            162   1,189
灣仔            0      0     462       6        254             14     0             54    790
中西區           0      0     236      22        484             185    0            199   1,126
離島            0      9     293      15         0               0     0            130    447
南區            0      0    1,466      0        285             326    0              0   2,077
      小計 :    -      -    2,905     61               2,109           0            545      -
香港總數:         0      9                     5,075                          545           5,629
西九龍
深水埗           0      0     713      52        442             13    112           461   1,793
九龍城           0      0     648      11       1,662            165    0             99   2,585
油尖旺           0      0      98      26        815             87     0            246   1,272
      小計 :    -      -    1,459     89               3,184          112           806      -
西九龍總數:        0      0                     4,732                          918           5,650
東九龍
黃大仙           0      0    1,066     20        323             106   280           188   1,983
西貢            0      0    1,004      0         0               0    273            0    1,277
觀塘            0      0    1,145     28        763             57    238           256   2,487
      小計 :    -      -    3,215     48               1,249          791           444      -
東九龍總數:        0      0                     4,512                          1,235         5,747
東新界
沙田            0      0    1,354     28        266              0     0            253   1,901
大埔            0      0    1,236      8        319             19     0             72   1,654
北區            0      0     925     791         48              0    299           381   2,444
元朗            0      0     943      14        638             355    0            135   2,085
      小計 :    -      -    4,458    841               1,645          299           841      -
東新界總數:        0      0                     6,944                          1,140         8,084
西新界
屯門            0      0     940       6        624             221   264            54    2,109
荃灣            0      0     606      17        785             133   316           158    2,015
葵青            0      0    1,673     37       1,101            142    72           338    3,363
      小計 :    -      -    3,219     60               3,006          652           550       -
西新界總數:        0      0                     6,285                         1,202           7,487
   小計 :       -      -    15,256   1,099             11,193         1,854    3,186          -
全港總數:         0      9                     27,548                        5,040          32,597

* 包括提供持續照顧的護理安老宿位。
